Shape of first entry: (8, 8, 5)

Slice 1 (8x8 matrix for channel 1):
-0.460940 -0.435550 -0.429690 -0.389650 -0.384770 -0.384770 -0.378910 -0.378910
-0.378910 -0.378910 -0.373050 -0.373050 -0.368160 -0.333980 -0.329100 -0.329100
-0.329100 -0.325200 -0.325200 -0.325200 -0.320310 -0.320310 -0.311520 -0.117190
-0.115230 -0.057617 0.000000 0.000000 0.000000 0.000000 0.000000 0.000000
0.000000 0.000000 0.000000 0.000000 0.000000 0.000000 0.000000 0.000000
0.000000 0.000000 0.000000 0.000000 0.000000 0.000000 0.000000 0.000000
0.000000 0.000000 0.000000 0.000000 0.000000 0.000000 0.000000 0.000000
0.000000 0.000000 0.000000 0.000000 0.000000 0.000000 0.000000 0.000000

Slice 2 (8x8 matrix for channel 2):
2.034200 1.856400 1.841800 2.010700 1.947300 1.960900 1.914100 1.929700
1.947300 1.959000 1.894500 1.908200 1.881800 2.091800 2.045900 2.048800
2.061500 2.000000 2.008800 2.018600 1.983400 2.002000 1.946300 1.847700
1.793000 1.825200 1.851600 0.000000 0.000000 0.000000 0.000000 0.000000
0.000000 0.000000 0.000000 0.000000 0.000000 0.000000 0.000000 0.000000
0.000000 0.000000 0.000000 0.000000 0.000000 0.000000 0.000000 0.000000
0.000000 0.000000 0.000000 0.000000 0.000000 0.000000 0.000000 0.000000
0.000000 0.000000 0.000000 0.000000 0.000000 0.000000 0.000000 0.000000

Slice 3 (8x8 matrix for channel 3):
0.310550 0.573240 0.524410 0.357420 0.511720 0.459960 0.526370 0.465820
0.387700 0.319340 0.487300 0.429690 0.417970 0.292970 0.388670 0.376950
0.299800 0.465820 0.427730 0.381840 0.409180 0.303710 0.283200 0.295900
0.419920 0.262700 0.291020 0.000000 0.000000 0.000000 0.000000 0.000000
0.000000 0.000000 0.000000 0.000000 0.000000 0.000000 0.000000 0.000000
0.000000 0.000000 0.000000 0.000000 0.000000 0.000000 0.000000 0.000000
0.000000 0.000000 0.000000 0.000000 0.000000 0.000000 0.000000 0.000000
0.000000 0.000000 0.000000 0.000000 0.000000 0.000000 0.000000 0.000000

Slice 4 (8x8 matrix for channel 4):
-0.356000 0.712010 0.000000 -0.356000 0.712010 0.356000 0.712010 0.356000
0.000000 -0.356000 0.356000 0.000000 0.356000 0.356000 0.712010 0.356000
0.000000 0.712010 0.356000 0.000000 0.000000 -0.356000 -0.356000 0.356000
0.356000 -0.356000 -0.356000 0.000000 0.000000 0.000000 0.000000 0.000000
0.000000 0.000000 0.000000 0.000000 0.000000 0.000000 0.000000 0.000000
0.000000 0.000000 0.000000 0.000000 0.000000 0.000000 0.000000 0.000000
0.000000 0.000000 0.000000 0.000000 0.000000 0.000000 0.000000 0.000000
0.000000 0.000000 0.000000 0.000000 0.000000 0.000000 0.000000 0.000000

Slice 5 (8x8 matrix for channel 5):
-0.505407 -0.483768 -0.613600 -0.289020 -0.180827 0.922745 -0.267382 0.663081
-0.202466 -0.289020 0.057198 -0.418852 -0.483768 -0.397214 -0.418852 0.100476
-0.397214 -0.245743 0.663081 -0.180827 -0.094272 -0.202466 -0.483768 -0.527046
-0.548684 -0.527046 -0.527046 0.000000 0.000000 0.000000 0.000000 0.000000
0.000000 0.000000 0.000000 0.000000 0.000000 0.000000 0.000000 0.000000
0.000000 0.000000 0.000000 0.000000 0.000000 0.000000 0.000000 0.000000
0.000000 0.000000 0.000000 0.000000 0.000000 0.000000 0.000000 0.000000
0.000000 0.000000 0.000000 0.000000 0.000000 0.000000 0.000000 0.000000

