Shape of random entry: (8, 8, 5)

Slice 1 (8x8 matrix for channel 1):
-0.724610 -0.592770 -0.584960 -0.584960 -0.576170 -0.519530 -0.512700 -0.512700
-0.512700 -0.504880 -0.498050 -0.490230 -0.460940 -0.455080 -0.442380 -0.442380
-0.435550 -0.429690 -0.384770 -0.378910 -0.378910 -0.373050 -0.373050 -0.373050
-0.368160 -0.368160 -0.362300 0.000000 0.000000 0.000000 0.000000 0.000000
0.000000 0.000000 0.000000 0.000000 0.000000 0.000000 0.000000 0.000000
0.000000 0.000000 0.000000 0.000000 0.000000 0.000000 0.000000 0.000000
0.000000 0.000000 0.000000 0.000000 0.000000 0.000000 0.000000 0.000000
0.000000 0.000000 0.000000 0.000000 0.000000 0.000000 0.000000 0.000000

Slice 2 (8x8 matrix for channel 2):
1.936500 1.978500 1.934600 1.957000 1.931600 1.965800 1.920900 1.934600
1.961900 1.918000 1.886700 1.866200 2.041000 1.997100 1.899400 1.915000
1.874000 1.832000 1.982400 1.954100 1.963900 1.896500 1.924800 1.940400
1.866200 1.904300 1.844700 1.756800 1.768600 1.784200 1.801800 1.817400
1.835900 0.000000 0.000000 0.000000 0.000000 0.000000 0.000000 0.000000
0.000000 0.000000 0.000000 0.000000 0.000000 0.000000 0.000000 0.000000
0.000000 0.000000 0.000000 0.000000 0.000000 0.000000 0.000000 0.000000
0.000000 0.000000 0.000000 0.000000 0.000000 0.000000 0.000000 0.000000

Slice 3 (8x8 matrix for channel 3):
0.413090 0.423830 0.489260 0.391600 0.374020 0.434570 0.500000 0.446290
0.302730 0.386720 0.400390 0.356450 0.264650 0.361330 0.532230 0.471680
0.514650 0.557620 0.356450 0.351560 0.288090 0.480470 0.351560 0.249020
0.482420 0.297850 0.449220 0.322270 0.253910 0.339840 0.225590 0.317380
0.189450 0.000000 0.000000 0.000000 0.000000 0.000000 0.000000 0.000000
0.000000 0.000000 0.000000 0.000000 0.000000 0.000000 0.000000 0.000000
0.000000 0.000000 0.000000 0.000000 0.000000 0.000000 0.000000 0.000000
0.000000 0.000000 0.000000 0.000000 0.000000 0.000000 0.000000 0.000000

Slice 4 (8x8 matrix for channel 4):
0.000000 0.356000 0.712010 0.000000 0.000000 0.356000 0.712010 0.356000
-0.712010 0.000000 0.000000 0.000000 -0.356000 -0.356000 0.712010 0.356000
0.712010 0.712010 -0.356000 -0.356000 -0.712010 0.356000 -0.356000 -0.712010
0.356000 -0.356000 0.356000 0.356000 -0.356000 0.356000 -0.356000 0.356000
-0.356000 0.000000 0.000000 0.000000 0.000000 0.000000 0.000000 0.000000
0.000000 0.000000 0.000000 0.000000 0.000000 0.000000 0.000000 0.000000
0.000000 0.000000 0.000000 0.000000 0.000000 0.000000 0.000000 0.000000
0.000000 0.000000 0.000000 0.000000 0.000000 0.000000 0.000000 0.000000

Slice 5 (8x8 matrix for channel 5):
-0.462130 -0.029356 -0.267382 -0.224104 -0.094272 0.641442 -0.094272 1.139132
-0.548684 -0.137550 -0.353936 -0.570323 -0.527046 -0.245743 -0.115911 1.160770
-0.310659 -0.527046 0.057198 0.165392 -0.505407 0.619804 -0.050995 -0.570323
-0.072634 -0.375575 -0.527046 -0.548684 -0.570323 -0.505407 -0.527046 -0.548684
-0.548684 0.000000 0.000000 0.000000 0.000000 0.000000 0.000000 0.000000
0.000000 0.000000 0.000000 0.000000 0.000000 0.000000 0.000000 0.000000
0.000000 0.000000 0.000000 0.000000 0.000000 0.000000 0.000000 0.000000
0.000000 0.000000 0.000000 0.000000 0.000000 0.000000 0.000000 0.000000

